Run info,Date,Time,Instance,Best obj,Optimal obj,Found optimal,CPU time,Wall time,Stopped after,Total iterations,Population size,Splits,Split factor,Pre-processed?,Heuristic?,MIP solve time,Swaps,Initial jumps,Dead jumps,Jump frequency,AND(NOT($G2="*")NOT(ISBLANK($F2)))
 
 **************** STARTING RUN 1 **************** 
          Wed  4 Dec 21:40:47 AEDT 2019
 ************************************************ 

###### TESTSET: B ######

,2019-12-04,21:40:47,b01,82,82,*,0,0.000265,0,1,10000,0,0,1,0,0,1,1,2,0,82
,2019-12-04,21:40:47,b02,83,83,*,0,0.000144,0,1,10000,0,0,1,0,0,1,1,2,0,90
,2019-12-04,21:40:47,b03,138,138,*,0,0.002831,0,1,10000,0,0,1,0,0,1,1,2,0,140
,2019-12-04,21:40:47,b04,59,59,*,0,0.00024,0,1,10000,0,0,1,0,0,1,1,2,0,59
,2019-12-04,21:40:47,b05,61,61,*,0,0.002167,0,1,10000,0,0,1,0,0,1,1,2,0,64
,2019-12-04,21:40:47,b06,124,122,,0,0.703919,1,1,10000,0,0,1,0,0,1,1,2,0,127
,2019-12-04,21:40:47,b07,111,111,*,0,0.00031,0,1,10000,0,0,1,0,0,1,1,2,0,111
,2019-12-04,21:40:47,b08,104,104,*,0,0.000298,0,1,10000,0,0,1,0,0,1,1,2,0,104
,2019-12-04,21:40:47,b09,220,220,*,0,0.00371,0,1,10000,0,0,1,0,0,1,1,2,0,224
,2019-12-04,21:40:47,b10,86,86,*,0,0.000884,0,1,10000,0,0,1,0,0,1,1,2,0,98
,2019-12-04,21:40:47,b11,88,88,*,0,0.036876,0,1,10000,0,0,1,0,0,1,1,2,0,93
,2019-12-04,21:40:47,b12,174,174,*,0,0.000368,0,1,10000,0,0,1,0,0,1,1,2,0,174
,2019-12-04,21:40:47,b13,165,165,*,0,0.022205,0,1,10000,0,0,1,0,0,1,1,2,0,175
,2019-12-04,21:40:47,b14,236,235,,1,0.896926,1,1,10000,0,0,1,0,0,1,1,2,0,237
,2019-12-04,21:40:48,b15,318,318,*,0,0.000425,0,1,10000,0,0,1,0,0,1,1,2,0,322
,2019-12-04,21:40:48,b16,132,127,,1,0.859761,1,1,10000,0,0,1,0,0,1,1,2,0,137
,2019-12-04,21:40:49,b17,131,131,*,0,0.013187,0,1,10000,0,0,1,0,0,1,1,2,0,133
,2019-12-04,21:40:49,b18,218,218,*,0,0.008596,0,1,10000,0,0,1,0,0,1,1,2,0,226

###### TESTSET: C ######

,2019-12-04,21:40:50,c01,85,85,*,0,0.000322,0,1,10000,0,0,1,0,0,1,1,2,0,88
,2019-12-04,21:40:50,c02,144,144,*,0,0.000276,0,1,10000,0,0,1,0,0,1,1,2,0,144
,2019-12-04,21:40:50,c03,754,754,*,2,1.14152,0,1,10000,0,0,1,0,0,1,1,2,0,780
,2019-12-04,21:40:52,c04,1082,1079,,7,6.61019,1,1,10000,0,0,1,0,0,1,1,2,0,1115
,2019-12-04,21:40:59,c05,1580,1579,,11,10.7613,1,1,10000,0,0,1,0,0,1,1,2,0,1603
,2019-12-04,21:41:11,c06,55,55,*,0,0.000674,0,1,10000,0,0,1,0,0,1,1,2,0,60
,2019-12-04,21:41:11,c07,102,102,*,0,0.008672,0,1,10000,0,0,1,0,0,1,1,2,0,115
,2019-12-04,21:41:11,c08,513,509,,6,5.36918,1,1,10000,0,0,1,0,0,1,1,2,0,528
,2019-12-04,21:41:17,c09,709,707,,8,7.38831,1,1,10000,0,0,1,0,0,1,1,2,0,728
,2019-12-04,21:41:25,c10,1094,1093,,11,11.3494,1,1,10000,0,0,1,0,0,1,1,2,0,1127
,2019-12-04,21:41:37,c11,33,32,,0,0.582277,1,1,10000,0,0,1,0,0,1,1,2,0,35
,2019-12-04,21:41:38,c12,47,46,,1,1.05657,1,1,10000,0,0,1,0,0,1,1,2,0,49
,2019-12-04,21:41:39,c13,264,258,,6,4.96225,1,1,10000,0,0,1,0,0,1,1,2,0,276
,2019-12-04,21:41:45,c14,327,323,,7,6.85362,1,1,10000,0,0,1,0,0,1,1,2,0,337
,2019-12-04,21:41:52,c15,556,556,*,6,5.28425,0,1,10000,0,0,1,0,0,1,1,2,0,567
,2019-12-04,21:41:58,c16,12,11,,1,0.556655,1,1,10000,0,0,1,0,0,1,1,2,0,12
,2019-12-04,21:41:59,c17,19,18,,1,0.832159,1,1,10000,0,0,1,0,0,1,1,2,0,20
,2019-12-04,21:42:00,c18,119,113,,4,3.95769,1,1,10000,0,0,1,0,0,1,1,2,0,128
,2019-12-04,21:42:05,c19,153,146,,6,5.76729,1,1,10000,0,0,1,0,0,1,1,2,0,160
,2019-12-04,21:42:11,c20,268,267,,10,9.28636,1,1,10000,0,0,1,0,0,1,1,2,0,268

###### TESTSET: D ######

,2019-12-04,21:42:24,d01,106,106,*,0,0.002071,0,1,10000,0,0,1,0,0,1,1,2,0,107
,2019-12-04,21:42:27,d02,220,220,*,0,0.006169,0,1,10000,0,0,1,0,0,1,1,2,0,237
,2019-12-04,21:42:29,d03,1568,1565,,12,11.9846,1,1,10000,0,0,1,0,0,1,1,2,0,1653
,2019-12-04,21:42:45,d04,1935,1935,*,10,10.6201,0,1,10000,0,0,1,0,0,1,1,2,0,2008
,2019-12-04,21:42:59,d05,3252,3250,,34,33.4238,1,1,10000,0,0,1,0,0,1,1,2,0,3311
,2019-12-04,21:43:37,d06,70,67,,1,0.932261,1,1,10000,0,0,1,0,0,1,1,2,0,75
,2019-12-04,21:43:41,d07,103,103,*,0,0.005971,0,1,10000,0,0,1,0,0,1,1,2,0,105
,2019-12-04,21:43:44,d08,1077,1072,,14,13.49,1,1,10000,0,0,1,0,0,1,1,2,0,1147
,2019-12-04,21:44:01,d09,1454,1448,,21,20.3202,1,1,10000,0,0,1,0,0,1,1,2,0,1543
,2019-12-04,21:44:25,d10,2118,2110,,35,33.6372,1,1,10000,0,0,1,0,0,1,1,2,0,2161
,2019-12-04,21:45:03,d11,29,29,*,0,0.000574,0,1,10000,0,0,1,0,0,1,1,2,0,32
,2019-12-04,21:45:06,d12,42,42,*,0,0.000435,0,1,10000,0,0,1,0,0,1,1,2,0,42
,2019-12-04,21:45:09,d13,506,500,,12,11.7949,1,1,10000,0,0,1,0,0,1,1,2,0,533
,2019-12-04,21:45:24,d14,675,667,,18,18.1804,1,1,10000,0,0,1,0,0,1,1,2,0,703
,2019-12-04,21:45:45,d15,1122,1116,,32,31.0717,1,1,10000,0,0,1,0,0,1,1,2,0,1150
,2019-12-04,21:46:19,d16,13,13,*,0,0.005108,0,1,10000,0,0,1,0,0,1,1,2,0,16
,2019-12-04,21:46:22,d17,23,23,*,0,0.004923,0,1,10000,0,0,1,0,0,1,1,2,0,25
,2019-12-04,21:46:25,d18,236,223,,10,9.6322,1,1,10000,0,0,1,0,0,1,1,2,0,255
,2019-12-04,21:46:37,d19,326,310,,14,13.5809,1,1,10000,0,0,1,0,0,1,1,2,0,347
,2019-12-04,21:46:54,d20,542,537,,23,22.7033,1,1,10000,0,0,1,0,0,1,1,2,0,545

###### TESTSET: E ######

,2019-12-04,21:48:08,e01,111,111,*,0,0.001337,0,1,10000,0,0,1,0,0,1,1,2,0,125
,2019-12-04,21:49:00,e02,223,214,,1,1.58108,1,1,10000,0,0,1,0,0,1,1,2,0,244
,2019-12-04,21:49:55,e03,4038,4013,,52,51.1883,1,1,10000,0,0,1,0,0,1,1,2,0,4238
,2019-12-04,21:51:42,e04,5115,5101,,81,79.8221,1,1,10000,0,0,1,0,0,1,1,2,0,5310
,2019-12-04,21:54:02,e05,8135,8128,,168,166.701,1,1,10000,0,0,1,0,0,1,1,2,0,8321
,2019-12-04,21:57:50,e06,83,73,,2,1.79593,1,1,10000,0,0,1,0,0,1,1,2,0,86
,2019-12-04,21:58:39,e07,151,145,,3,2.56328,1,1,10000,0,0,1,0,0,1,1,2,0,169
,2019-12-04,21:59:29,e08,2658,2640,,61,59.7825,1,1,10000,0,0,1,0,0,1,1,2,0,2818
,2019-12-04,22:01:29,e09,3621,3604,,90,89.501,1,1,10000,0,0,1,0,0,1,1,2,0,3795
,2019-12-04,22:03:54,e10,5614,5600,,199,197.701,1,1,10000,0,0,1,0,0,1,1,2,0,5760
,2019-12-04,22:08:03,e11,34,34,*,1,0.741475,0,1,10000,0,0,1,0,0,1,1,2,0,39
,2019-12-04,22:08:48,e12,67,67,*,2,1.68885,0,1,10000,0,0,1,0,0,1,1,2,0,71
,2019-12-04,22:09:49,e13,1307,1280,,61,60.6668,1,1,10000,0,0,1,0,0,1,1,2,0,1382
,2019-12-04,22:11:34,e14,1749,1732,,82,81.368,1,1,10000,0,0,1,0,0,1,1,2,0,1828
,2019-12-04,22:13:37,e15,2802,2784,,153,151.734,1,1,10000,0,0,1,0,0,1,1,2,0,2867
,2019-12-04,22:16:52,e16,16,15,,3,2.09713,1,1,10000,0,0,1,0,0,1,1,2,0,19
,2019-12-04,22:17:35,e17,25,25,*,0,0.015063,0,1,10000,0,0,1,0,0,1,1,2,0,28
,2019-12-04,22:18:14,e18,605,564,,40,39.9251,1,1,10000,0,0,1,0,0,1,1,2,0,651
,2019-12-04,22:19:35,e19,786,758,,56,55.8772,1,1,10000,0,0,1,0,0,1,1,2,0,814
,2019-12-04,22:21:11,e20,1354,1342,,107,106.259,1,1,10000,0,0,1,0,0,1,1,2,0,1358
 
 **************** FINISHED RUN **************** 
          Wed  4 Dec 22:22:59 AEDT 2019
 ********************************************** 
 
